9788439722519
9788496815025
9782226136428
9788496867697
9788496722910
9788496722606
8496325814
9788467908084
9788499470030
9788415979166
9788416112449
9788494012174
9788447216000
9788490249505
9788416131174
9788415601937
9788498853445
9788416440030
9788417511517
9788417575502
9788417553531
9788417575618
9788466352062
9788467940787
9788416529902
9788413416465
9788466340564
9788415685357
9788418309229
9788418215285
9789584273543
9788416763054
9788417910242
9788418909047
9788414017265 
9788416131808
9788491737223
9788416114153
9788418215551
9788491469896
9788494344916
9788417318673
9788416401345
9788416051557
9788467926255
9788491739777
9788413410937
9788416540518
9788413416885
9788416540457
9788418309274
9788467918298
9788416880331
9788413411996
9788467917239
9788413412092
9781910856864
9788416880683
9788491737230
9788417442729
9788413410876
9788417247201
9788417442002
9788413410869
9788413410920
9788413411965
9788467922080
9788467928440
9788467931136
9788467936230
9788467938326
9788467944594
9788467942576
9788467945928
9788467931969
9788402421425
9788416763320
9788418141157
9788466334846
9788416540211
9788416540754
9788416540815
9788416763085
9788416540068
9788490242414
9788416540273
9788466346818
9788467947830
9788467948288
9788416677634
9788496815025
9788416540990
9788416763207
9788411120302
9788409210442
9788409324699
9788411124812
9788411120418
9782413001867
9788411016346
9788491749332
9788426425737
9788411404266
9788466669863
9788411407434
9788412096859
9788467964738
9788423436293
9788419605115
9788467909227
9788417247096
8474199123
null
null
null
8485733770
null
8484310639
9788496427525
8475100325
9788467433975
9788434567320
9788498851649
9788467449051
9788467453980
8467433191
9788467434736
9788467475197
9788467416794
8467425105
8439517831 
9788498853988
9788498852998
849665270X 
8496734064 
9788496874244
8496652769 
2012101569
9788467438000
8484319687 
8479041897
9788467482263
9788496871052
2203024461
2203024488
2203024461
9782203001046
9782203001053
9782203001015
9788496815537
9782012101524
9782012101463
9782012101548
9782012101371
9782840550594
9782840552369
9782840551430
9782211710022
9782217100032
9788483573402
9788426109651
9788426103826
9782012101388
9782012101418
9782203001886
9788479041922
9788479042226
9788479042295
9788479042295 
8479044853
8479044861
847904487X
8479044888
8486595908
8479040033
8479040114
848431197X
9788499891064
9781595824318
9781595824776
9781595827401
9781595825018
849638909x
184576000x
1845761561
9788496730670
9788466649704
9788467478662
9788498857597
9788467498684
9788415163497
9788467451986
9788467475159
97884415163114
9788467441352
9788467499858
9788496874275
9788467457650
9788496874350
9788496874213
9782205054873
9788498856132
9782203001008
9782203019980
9782203019997
9782203026445
9782203020047
null
9788415225386
9788415163879
9788499476513
9788467906684 
9788415748649 
9788498851618
9788490241882
9782356480972
9781401233792
9788499087597 
9788498851632
9788498853650
9788498852486
9788496874411 
9781401234591
9788415163961
9788496815711
9788415925613
9788498851564
9788416167005
9788490249598
9788490245323
9788490248867
9788490246993
9788416194803
9788416194377
9788467439960
9788498854756
9788467924770
9788467908879
9788416428526
9788416428670
9788416428472 
9788484317333
9788416840441
9788416074709
9788467922561
9788494292262
9788467928785
8479048875
9788416475582
9788416401901
9788490944899
9788467912852 
9788417316389
9788447117116
9788417294236
9788417612955
9788491673569
9781401272944
9788415844723
9788416880959
9788417575014
9788417776640
9788417910044
9788417908362
9788491676218
9788491670926
9788491678571
9788466337663
9788417665609 
8496389162
9788467940787
null
8485733126
8426119883
9788469663875
9788416880218
9788494848414
9788416660582
9788494848452
9770005339009
9788417401740
9788413340715
9788418809170
9788467931969
9788467947014
9788491678793
9788416507870
9788415850632
9788467910070
9788411010382
9788418897344
9788415685012
9788418215100
9788418326936
9788467594454
9788467950663
9788413349732
9788411013635
9788467913736
9788418040306
9788468459516
9788479043568
8485529111
9788418040122
9788418475528
9788418909511
9788419351760
9788418326783
9788418897689
9788494506390
9788494425776
9788494616785
null
978
9788467936469
9788467952063
9788411408554
9788419670045
9788419021120
9788418026799
9788467911381
8478332375
9788496992528
9788490942055
9788490940730
9788411501019
9788484314660
9788418347689
9788418862021
9788496706644
9788418326790
9788419678355
9788461335282
9788483463246
9788497269827
9788415163046
9788498141894
9788492891108
9788439720713
9788466647298
9788492891221
9788496730687
9788498470666
9788493508807
9788467905311
9788467911633
9788415578970
9788415685364
9788415578376
9788415685449
9788467914856
9788416131181
9788467913361
9788467914689
9788467915297
9788467916690
9788416251582
9788416131242
9782803670277
9788416840564
null
9788415973416
9788415685487
9788494534935
9788416880232
9788494781407
9788416507993
9783931377458
9788417125943
97884165429180
9788417243197
9788467934410
9788417575229
9788441541115
9788417247416
9788467931624
9788417651169
9788466666442
8417575022
9788417553531
9788467941388
9788416880294
9781419750175
9788416131747
9788416131617
9788467945676
9788417575885
9788418260537
9788446047636
9788418215599
9788417787233
9788494899386
9788469732106
9788417442415
9788467948912
9788467948929
9788491749257
9788412128284
9788417910952
9788416400881
9788409363841
9788417989491
9788402422118
9788416575800
9788439720713
9788418897030
9788409278282
9788416763665
9788413412078
9788416251773
9788416251230
9788496815728
9788416763580
9788416763627
9788416763641
9788416763764
9788496722309
9788418668319
9788418930553
9788466665087
9788491749325
9788409341085
9788412332674
9788494414091
9788417442743
9788417318550
9788417318932
9788467951097
9788409393206
9788409311040
9788466342902
9788418309472
9788418052361
9788419148056
9788417294243
9788467924053
9788467907735
9788467911763
9788417048280
9788441539839
9788418040191
9788416880096
9788494332609
9788418347870
9788418809194
1787752151
9782203171657
9788467951172
9788418909481
9788413343884
9788418703515
9788413344096
9788419670076
9788418215766
9788418909658
9788467962222
9788409356157
9788467964738
9788416131310
9788467926705
9788467930788
9788491678854
9788417318727
9788467924589
9788419539045
9788467946321
9788426403438
9788494767050
9788419940223
9788416167975
9788467922196
9788467966282
9788419740786
9788412157178
9788494223785
9788494569814
9788412157109
9788493874612
9788493874667
9788494569869
9788494223747
843103372X
8431034874
9782203359055
9788415163275
9788467911633
9788496730991
0486799255 
9788415932949
9788418215285
9788467949209
9788418974847
9788418909658
9788496706941
8486595371
8485631226
9788498144956 
8484318605 
8479041684
8479046260
8479046279
9788467454772
9782205057331
4727201056259
9782800145891
9782800145853
9782800145815
9782803603596
9788478336273
9788478338375
9782205058147
9782205062359
9782803600014
9782803605156
9782803607549
9788498147643
978843579770
9788415480037
9788467908084
9788415163640
9788415118060
null
1401220843 
null
9788498851564
9788494012112
9788467906769
9781927668047
9788494300226
9788498387360
9788494234941
9788416251766
9788415724964
9788415163251
9788415850595
9788416251957
9788416251476
9788415932581
9788415932635
9788415932932
9788494234903
9788416400959
9788416660261
9788416255344
9788468414034
9788416074211
9788498144208 
9788467936322
9788417125639
9788416968985
9788418215445
8498144973
9788418052187
9788417115135
9788416486014
9788494894725
9788417575144
9788417575526
9788416880119
9788416709298
9788491679035
9788467916737
9788467933635
9788491464563
9788413411446 
9788411123075
9788418215100
9788467940497
9788417956660
9788411120494
9788491737339
8484495604
8485529200
9788418782091
9788418621239
9788491749264
9788418909511
9788419351760
9788467959406
9788467904673
null
9788418052613
9788419325198
9788494569890
null
8485475364
8467403837
9788493481162
9788496815919
9788498476965
9788467901993
8496370208
9788496815063
9788496815605
9788492769285
9782207240038
2070118223
9788496815940 
9788496815254
9788493676483
9780224090612
9788492403059
9788492769452
9788483573402
9788496722507
9788467491913
9788496722668
2205066390
9788496722736
9788478339327
9788499471723
9788467491920
9788467491937
9788496730588
9788478339440
9788496722606
8478337350
9788478337545
9788478337736
9788493522957
8478336729 
9788439721697
9788415163121
9788467902464
9788492615036
9788496730755
9788415163763
9788439723981
9788478339747
9788478335947
9788492769421
9788439727149
9788439722304
9788415530206
9788416112418
9788415944102
9781603090582
9788490623145
9788467903829
9788415685951
9788496815919
9788496815391
9788416251001
9788496815391
9788415724735
9788416131143
9788467923230
9788416251322
9788467924718
9788415724964
9788494650611
9788467909982
9788415685739
9788415944072
9788415724421
9788415944089
9781627388931
3956401352
9788494785245
9788467935851
9788467934410
9788416880485
9788417575069
9788467936322
9788417575267
9788417442347
9788417910044
9788416131440
9788416251643
9788416131266
9788418215209
9788467943757
9788416251001
9788412007350
9788492615261
9788467941265
9788467934076
9788417442415
9788417442552
9788418215209
9788495825476
9788418215162
9788418909023
9788467949209
9788418052057
9788417989491
9788496867987
9788461478132
9788415163633
9788419158024
9788419168009
9788467901863
9788402425164
9788418253126
9788425360039
9788425361050
9788418909528
9788416131112
9788402426970
9788467927320
9788418909573
9788467962413
9788496815070
8484315576 
9788418897481
9788415724599
9788413414935
9788467961829
null
9788496815063
9788498149838
9788492769537
9788493676483
9780224090612
9788499081915
9788499081922
9788499082219
9788499082226
9788499082905
9788499083476
9788493796341
978849847464
9788493742263
9782877647120
9788496722736
978849672 2835
9782302000513
9782877648493
9788478337326
9788439721697
9788415201687
9788493399203
9788492444366
9788478337828
9788415520832 
9788415821809
8467415347
9788416167098
9788494300240
8496415546
9788415163251
9788416400126
9788494261046
9788416167258
9788499472942
9788415944041
9788417206468
9788494234958
9788494767029
9788416400607
9788494598432
9788416217212
9788494506369
9788417575120
9788494740435
9788417511906
9788417553289
9788418215247
9788426372475
9788412128291
9788416131662
9788418215544
9788492615308
9788418668203
9788418897344
9788491464563
9788413411446 
9788417442767
9781910856499
9788411120494
9788491737339
9788467959376 
9788416251285
9788418909290
978
9788416195213
9788412096859
9788419437150
9788492458561
9788496706798
9788496121898
8493509221
9782754802291
8486450330
8484317749
8498142202
84
8439591586
8484316173
9788496815919
8488574436 
8498147263
9788484310396
9788484319814
9788467480498
9788479042578
9788498477511
9788498478716
9788484312451
8484311813
9788467900996
8495825910
9788492769230
8493538515
9788478339013
9788467491388
9788439723660
9788468402062
null
9781595821911
9761595823045
9781595824110
9781595824806
9781595824783
9781595825643
9781595824837
9788478338245
9788478338078
9788496722910
9788467903010
782290027189
9788478337774
9788496815858
9788478337712
9788415153382
9788478339372
9788478338085
9788498854428
9788415163183
8479044616
9788468477695 
9788493608132
9788496730618
9788492769438
9788498142204
9788496730922
9788415201847
9788494143915 
9788498142211
9788467908565
9788498142235
9788439723509
9788439726760
9788496815339
9788415163619
9788415685449
9788492769070
9788415685234
9788492769360
null
9788416167036
9788416167043
9788498857238
8484312321
9710545310
9788494300240
9788416074884
9788467909623
9788467909630
9788467910155
9788467910681
9788467921304
8496402223
9788467917918
9788494316203
9788416374625
9788467914252
9788467920567
9788416251797
9788416251513
9788467907049
9788415163039
9788498476743
9788467491692
9788416167197
9788467930337
9788416400683
9780983800576
null
9788416400867
9788417575069
9788417575076
9788417125639
9788415850540
9788417511937
9788418120312
9788418180767
9788494414060
9788417575281
9788418215964
9788417442545
9788494767036
9788413422978
9788418909047
9788467949179
9781506717968
9788491469896
9788413411996
9788417442729
9788413411965
9788467944594
9788491678113
9788413417776
9788418475795
9788412144291
9788467948288
9788417442804
9788491749134
9788413417943
9788418359767
9788418359774
9788418660610
9788491737346
9788409324699
9788411120159
9788418809521
9788419428141 
9788417665548
9788411016346
9788413416441
9788467903478
9788418909566
9788418215971
9788417960797
9788418931574
9788416543984
9788418052675
9788467960426 
9788418569326 
9788467961775
9788492458172
9788492458646
8486256038
8426445039
8485733770
8486595851
8484310280
9788484497578 
9788489902756
9788478338818
9780810994690 
null
9788483463246
9789279133800
9788496815667
9788493538590 
9788496815742
2723415619
2723425371
9782723425919
9782723425384
9782723428446
9782723425087
9782723428453
9788415051244
8484490254
8484490114
9788496730564
9782203399273
9788496722743
9788499471723
9788499471754
978849582597X
9788496722828
0805087443 
9788415163343
9788439720713
8479044616
9788496730694
9788498851465
9788496730687
9788498470666
9788467911633
9788439722526
9788415685364
9788467910988
9788415685135
9788439729372
9788415888154
9788467920758
9788498858587
9788492769810
9782877636742
9788467923230
9788415944447
9788416251582
9788494425783
9788415685654
9788466661614
9788416417094
9788439720713
9781897299104
9788415724483
8496172333 
9788416880751
9788416880874
9788484805236
9788441541115
9788416880485
9788417575267
9788417910143
8417575022
9782756039718
9788418215209
9788491043157
9788415315919
8476690932
9788467943757
9788467944587
9788413416007
9788418215117
9788416435401
9788418215391
9788486864767
9788467924701
9788467947441
9788416880508
8475912206 
9788469732106
9788467931433
9788467934076
9788418215209
9788416251186
9788467948912
9788418909016
9788466671415
9788416529957
9788412128284
8417989005
9788491739777
9788413410937
9788416880331
9788416400881
9788418141157
9788402422118
9788466334846
9788467944600
9788418897030
9788418309250
9788416251230
9788416763580
9788417442187
9788417910143
9788491749288
9788418930553
9788494273339
9788466665087
9788415480952
9788418326936
9788499926032
9788417318550
9788417318932
9788496815629
9788419158024
9788418621079
9788467951158
9791037506146
9788466342902
9782756050256
9788417910884
9788416131556
9788409141241
9788409216031
9788409108909
9788412134742
9788419148056
9788416880096
9788416251285
9788467948523
9788446053002
9788419296337
9788412358582
9788467951172
9788417910402
9788491749332
9788466669863
9788418897771
9788409348169
9788419670076
9788418909658
1684058295
9789892354477
9788467962390
9788418056925
9788418006814
9788419399151
9788409474554
9788412660852
9788416131785
9788467964738
9788416543601
9788897846895
9788467924718
9788419670229
9788492458677
2756025690 
9782756009339
9788419437495
9788467922196
9788493874674
9788494569845
9788419412171 
null
null
8439710283
9788439721888
9788483579121
9788467461251
8484494713
null
9788484312284
9789514664397
9788483576717
8484492222
9788492769117
9788493508876
9788492769247
9788478338023
9788466644464
9788466644471
9788466645003
9788426445735
9788447362714
9788447362752
9788447362745
9788447362738
9788447362721
9788447362707
9788447362660
9788447362684
9788447362677
9788447362127
9788447362158
9788447362080
9788447362066
9788447362103
9788447360703
9788447360666
9788447362639
9788447360697
9788447362783
9788447362776
9788447362769
9788447362691
9788447362134
9788447362653
9788447360642
9788447360611
9788447360680
9788447360659
9788447362813
9788447362806
9788447362790
9788447362820
9788447360635
9788447360628
9782858158676
9788439721123
9781595825018
9782205008814
9782205011555
9788478338245
1560976942 
9788415163312
9788499471778
9788478339235
9788478339297
9788478337774
9788478339587
9788496815131
9788493930660
9788478339747
9788496730748
9788478339952
9788415724070
9788492890569
9788408091950
9788499471624
9788439727903
9788494161957
9788415973089
9788494224713
9788493874520
9788493608163
810920816, Smithsonian pbk
9788493977276
9788490623145
9788466654388
9788466657938
9788494323287
9788494300219
9788494300257
9788416400386
null
9788494239946
9788494239984
9788416400034
9788415724308
9788416880232
9788426401946
9788426400246
9788408176886
9788460865568
9788416112364
9788415480938
9788494060274
9788415944058
9788416400300
9788467922264
9788466660730
9788466641074
9788467041026
9788492615230
9781681373010 
9788492769933
9788496815445
9788496815032
9788418058127
9788402424044
9788416968619
8478333614
9788418052125
9788412128253
9788416507252
null
9788416131723
9788417442477
9788415685692
9788417442804
9788417442682
9788467594454
9788417222291
9788418347672
9788418309472
99292375108
9788494556807
9788494506376
9788415850007
9788402422033
9788425361319
9788418621239
9788417644918
9788494414008
null
8493149322
9788418909344
9788467067699
9788419605115
9788419550033
null
844061215X
3822831247
9788492769681
9788492769346
9788483570753
9788492769148 
8478337026
8493340960
9788492444427
8488574401
9788467496697 
9788492769506
9788492769773
9788492769988
9788483572948 
9788499472959
null
9788499472942
null
9788416255122 
9788467919738 
9788415513940 
9788467923063
9788415830870 
9788483571040
9788483573488
9788416543793
9788416540181
9788417920531 
9781910856161
9788466334648
9788413340715
9788416529957
9788468475783
9788494344916
9788416540518
9788416540457
9788418309144
9788467922080
9788467928440
9788467931136
9788467936230
9788467938326
9788467942576
9788467945928
9788467931969
9788416763320
9788416540211
9788416540754
9788416540815
9788416763085
9788416540068
9788416540273
9788490628034
9788418897030
9788467947830
9788467948288
9788416540990
9788416763207
9788417419479
9788415830146 v.10
null
9788413416328
9788491467823
9788491469803
9781908007919
9788419168009
9788418359767
9788416880096
9788415513971 
9788467945195
9788467945850
9788491734857
9788416840656
9788416960392
9788494429613
9788418061011
9788467927450 
9788491671800
9788467937817
9788467937701 
9788491748373
9788467941159
9788417373856 
9788418837036
9788467920611
9788417644093
9788417665548
9788467935127 
9788419673619
9788413340746
9788491461395
9788415513278
9788413426259
9788467926514
9788467937206 
9788467934373
9788416960347
9788467921038
9788467920574
9788417292591
9788416604944
9788416352791
9788418897771
9788467962550
9788411407434
9788418931574
9788411406727 
9788467939941 
9788419035677 
9788419412171 
8428209081
842521355X
8429709606
8437607582
8401607493
8425208998
9682442966
2729703489
8431632925
2705801650
8475098614
null
8478808299
8479046651
8495211238
95090026*
8441406820
8460727157
8484314138
8479042265
0415286700
8437620570
0810934817
8496082024
2858166064
8495642441
8437622190
8497415558
8495301830
8474859611
3822831247
8486947030
0823010309
0823010295
0823010287
9780060780944
0823010279
1893905144
0967542308
2756002275
1904705014
9780714839936
9781584232261
0060538163
0826428770 
9788439711773
9788493635213
9788425222689
9788425223013
9788425222900
9788493621971
9781604732672 
1596431318
0764127888
141295312X 
158240870X 
0060824255
1578067189 
1578066875 
9781604731088
1596090782
8484490262
9781905814701
9788497415897
9788496789609
null
9788492458622
9788475028507
9788492769308
9788434236752
9788478002764
9788493703912
9788497269827
9788466638166
9788493827212
9780826429971
9788466644204
9788466644211
9788492769810
8489929386
9788496730533
9781880656235
9788483196243
9788490248904 
9788437629681
9788415201274
9788415296508
006097625X
9788492860654
9788490243343
9788415217442
9783836535762
9788493950262
9788496815124
9788437091266
0313363307 
9780578060767
9788496815148
9788461689545
9783865277169 
9788415201380
9788415201861
9788415944256
0878336591
027101962X
1600616879 
8427021577
0878056742
0878057579 
0517503034
8485138694
9780674744431
9788416160082
9788494247316
9788475067865
9788470744143
1137501103
9782130736561
9781940589077
9788466660686
0813564182
9780786471225
9788494596148
9788484838791
9788416544431
9788494650413
0878337466
0878338144
087833789X
087833808X
0878338594
9788439502654
null
9788415544630
9788496875685
9788449072550
9781606991473
9788416613632 
9788437638829
9788417633080
null
9788437640594
9788417315856
0786443049
9788497739788
9788497739924
9788497739900
9788416131747
9788416529674
9788409352531
9788494631214
9788467919417 
9788413404288
9788413404394
9788467925203
9782862727677
9788418490545
null
978
null
null
9788437645346
8484491080
8485337379
9788460682462
8489156093
9788418490378
9788409468218
9788413406084
9781138243330
9788494637650
8484497410
9788419035639
9782203018075
9788415685487
9781908007926
9788467914245
9788419158475
9788419437921
9788494143908
9788461333806
9788496706644
9788461333790
9781666930849
9788412789577
9788495225832
2844142400
9788492403332
9788483571927
8493494909
978496370180
9788496722842
9782820700445
9781600104459 
9788494027864
9788426421371
0987963023
9788467900842
9780307908278
9788492615186
9788433901453
9788416507641
9788416507887
9788416830800
9788494488207
9788416131341
9788490652305
9788490653548
9788494767012
9788491871439
9788469846421
9788427215023
9788417460648
9788490438824
9788494743238
9788448850968
9788448849665
9788490655092
9788417910143
null
9788426400352
9788478333783
9788418260254
9788416131617
9786079436964
9788418215605
9788408224778
9788418002762
9788415724957
9788416880713
9788416880973
9788417442484
9788416251414
9788418809149
9788409278282
9788416763665
9788415685685
9788412226089
9788412332674
9788416880942
9788467948554
9788491749318
9788408234562
9788446045663
9788402422033
9788418909290
978
9788467951172
9788418215766
9788418909658
9788412359923
9788416131341
9788426426390
9788419550033
9788419437495
9782413011095
9788419393210
9788461249787
9788415163046
9788496730588
97884415530145
9788415163428
9788496815391
9788467924718
9788467909982
9788467914252
9788415601937
9788415685487
9788416251513
9788415724780
9788416131341
9788416880485
9788417776640
8417575022
9788412007350
9788412007350
9788417989699
9788418052675
9788498476965
9788467901993
9788496815063
9788496815407
9788439721048
9788483570753
9788478339013
9788467903164
9788439721123
9788439720393
9788492902606
9788478339372
9788492683895
9788478339365
9788415530114
9788467911633
9788467914238
9788416131105
9788416167081
9788467903829
9788492902446
9788494300219
9788416251162
9788416131242
0486471691
9788467909982
9788416251797
9788416195770
9788496730960
1554072700
9788494506383
9788467935851
9788416131433
9788490279052
9788483579732
9788467056877
9788417575267
9788415373537
9788416131785
9788491421627
9788418215582
9788417575274
9788418215186
9788418809149
9788418215995
9788439721048
9788416763665
9788416763764
9788417442187
9788416131785
9788412226089
9788492902446
9788417442835
9788416880942
9788408237976
9788417294069
9788494556807
9788494506376
9788425361050
9788491469872
9788418809194
9788402426970
9788494414008
1787752151
9788418733987
9786077353959
9788417442811
9788467951257
9788413344096
9788416167975
9788419740786
9788415208624
